5	4	2	3
3
4	20	100	10	15
500
2	1	118	592	6	(23,17),(26,13),(30,5),(44,9),(88,11),(114,19)
8	2	177	893	7	(40,15),(69,7),(92,19),(93,5),(113,8),(125,14),(164,12)
12	3	170	862	5	(43,11),(86,12),(130,10),(151,10),(154,19)
18	4	76	398	1	(25,8)
24	5	248	1264	8	(2,19),(6,17),(20,16),(44,17),(44,20),(69,19),(107,15),(158,15)
29	6	180	929	3	(25,7),(132,6),(164,18)
29	7	253	1294	4	(2,12),(44,6),(135,5),(170,15)
36	8	103	551	7	(16,15),(18,17),(23,13),(72,8),(76,16),(89,14),(101,15)
38	9	193	1003	6	(16,19),(20,8),(76,5),(95,5),(131,10),(162,6)
41	10	138	731	1	(134,9)
45	11	63	360	7	(8,9),(18,6),(23,6),(26,9),(35,18),(45,16),(52,14)
48	12	248	1288	6	(30,16),(140,16),(145,11),(178,15),(185,19),(214,18)
50	13	111	605	6	(3,18),(25,14),(45,6),(52,11),(72,10),(111,16)
52	14	205	1077	7	(5,12),(30,19),(40,14),(77,11),(88,11),(117,20),(124,12)
54	15	209	1099	8	(3,14),(34,12),(51,17),(111,8),(141,16),(167,13),(174,18),(177,7)
54	16	293	1519	10	(34,11),(42,10),(47,18),(107,5),(117,9),(195,15),(200,19),(206,5),(260,17),(290,9)
60	17	258	1350	2	(41,10),(111,13)
61	18	300	1561	4	(83,6),(105,5),(201,15),(210,17)
62	19	262	1372	4	(78,7),(184,16),(184,9),(236,11)
66	20	145	791	5	(13,20),(25,9),(29,8),(29,15),(49,10)
67	21	52	327	5	(3,17),(21,5),(26,6),(33,17),(36,10)
67	22	223	1182	1	(89,17)
73	23	35	248	10	(9,5),(12,19),(14,19),(17,18),(19,10),(22,15),(23,19),(25,12),(25,9),(30,17)
73	24	41	278	5	(15,18),(26,5),(27,20),(29,13),(36,11)
80	25	236	1260	5	(46,9),(116,17),(118,15),(165,9),(219,5)
85	26	295	1560	10	(28,12),(61,20),(90,8),(149,9),(157,16),(174,17),(193,14),(206,19),(250,17),(293,7)
86	27	197	1071	4	(128,14),(130,12),(150,17),(181,17)
89	28	149	834	8	(31,8),(43,14),(57,19),(72,17),(98,12),(98,7),(107,6),(138,9)
92	29	39	287	2	(8,11),(27,9)
94	30	262	1404	7	(104,15),(105,17),(121,18),(172,9),(201,18),(228,11),(234,19)
100	31	137	785	0	
106	32	269	1451	10	(33,5),(47,8),(74,12),(105,6),(118,11),(142,17),(146,7),(161,12),(170,11),(210,12)
108	33	196	1088	0	
109	34	108	649	4	(43,11),(53,15),(55,8),(83,19)
109	35	222	1219	4	(37,14),(68,12),(111,10),(195,13)
111	36	121	716	3	(29,13),(63,11),(109,16)
116	37	268	1456	7	(62,12),(74,19),(105,13),(137,8),(180,20),(225,11),(258,14)
119	38	216	1199	0	
125	39	48	365	9	(7,20),(9,15),(11,17),(11,13),(11,19),(14,20),(16,7),(28,18),(30,15)
126	40	281	1531	2	(22,9),(32,7)
131	41	262	1441	7	(95,9),(120,11),(126,9),(176,11),(207,7),(223,5),(244,14)
135	42	43	350	1	(30,10)
139	43	59	434	3	(2,15),(37,16),(51,7)
142	44	220	1242	8	(54,6),(81,5),(104,14),(115,8),(116,18),(123,17),(194,10),(213,16)
144	45	75	519	4	(18,11),(19,19),(46,20),(46,5)
146	46	51	401	8	(0,14),(5,7),(14,11),(23,11),(34,11),(35,5),(42,16),(48,7)
152	47	26	282	6	(9,16),(10,12),(14,5),(16,5),(24,19),(26,18)
154	48	140	854	7	(53,6),(53,19),(86,14),(107,18),(118,19),(130,12),(133,10)
158	49	12	218	4	(1,8),(2,14),(5,7),(8,18)
159	50	228	1299	7	(23,20),(35,17),(80,12),(117,7),(161,9),(178,15),(204,8)
159	51	133	824	1	(6,10)
161	52	69	506	0	
167	53	247	1402	4	(141,20),(231,13),(238,7),(238,9)
172	54	168	1012	7	(22,6),(27,5),(71,7),(74,10),(92,11),(112,11),(137,9)
179	55	164	999	8	(8,5),(21,17),(39,20),(53,17),(135,20),(152,20),(161,11),(163,6)
186	56	228	1326	1	(120,9)
189	57	257	1474	7	(35,6),(55,12),(103,15),(186,10),(202,19),(227,5),(228,20)
195	58	187	1130	5	(30,11),(84,9),(86,7),(161,16),(180,8)
200	59	296	1680	7	(6,20),(9,12),(19,18),(100,15),(105,17),(202,20),(233,12)
206	60	172	1066	8	(19,16),(28,19),(58,12),(78,5),(95,17),(124,9),(143,17),(145,9)
207	61	220	1307	6	(8,14),(57,14),(57,14),(103,14),(171,20),(196,10)
211	62	133	876	1	(125,13)
218	63	164	1038	1	(56,18)
218	64	88	658	3	(4,8),(17,18),(26,10)
219	65	219	1314	0	
222	66	240	1422	4	(42,5),(46,12),(153,20),(210,18)
224	67	10	274	5	(0,13),(5,10),(5,10),(6,20),(10,9)
230	68	184	1150	3	(11,8),(21,11),(114,15)
234	69	160	1034	6	(10,20),(34,13),(37,14),(42,12),(55,13),(60,20)
241	70	102	751	5	(23,11),(23,16),(38,9),(41,6),(69,15)
246	71	56	526	8	(5,6),(29,19),(34,11),(38,9),(44,19),(50,20),(54,19),(55,18)
251	72	84	671	5	(9,19),(19,13),(46,16),(46,17),(49,13)
253	73	106	783	4	(48,14),(48,12),(79,10),(97,10)
256	74	205	1281	8	(0,16),(28,18),(76,10),(84,18),(88,6),(98,15),(99,20),(110,8)
260	75	185	1185	5	(3,12),(125,5),(127,7),(131,9),(142,6)
267	76	53	532	0	
271	77	273	1636	8	(57,6),(79,5),(95,18),(96,18),(103,14),(174,9),(182,9),(209,6)
274	78	178	1164	4	(12,18),(119,20),(126,20),(174,8)
275	79	148	1015	0	
281	80	95	756	8	(0,8),(1,14),(7,14),(42,13),(57,6),(80,18),(83,8),(89,9)
282	81	30	432	9	(3,20),(4,15),(5,8),(6,5),(7,18),(8,7),(10,9),(13,19),(18,9)
282	82	12	342	3	(8,11),(12,5),(12,13)
289	83	169	1134	5	(13,6),(51,19),(107,20),(114,19),(152,8)
292	84	250	1542	6	(6,19),(30,5),(43,19),(191,17),(229,5),(237,6)
295	85	215	1370	3	(43,20),(174,16),(199,9)
299	86	145	1024	4	(2,6),(92,20),(118,13),(136,17)
302	87	274	1672	10	(20,14),(41,13),(91,11),(148,8),(153,16),(170,18),(226,10),(242,12),(250,6),(272,18)
304	88	123	919	5	(25,11),(42,20),(82,6),(101,19),(120,16)
307	89	201	1312	9	(0,10),(3,17),(12,9),(13,10),(59,6),(111,14),(141,9),(151,11),(173,20)
309	90	293	1774	10	(1,20),(37,5),(52,19),(106,14),(117,17),(160,5),(174,17),(182,10),(238,6),(284,7)
315	91	264	1635	0	
316	92	117	901	6	(41,9),(54,20),(67,14),(77,15),(92,17),(117,15)
319	93	28	459	0	
323	94	67	658	7	(5,20),(19,19),(48,18),(57,11),(65,5),(65,17),(65,20)
328	95	15	403	0	
329	96	10	379	1	(2,8)
335	97	58	625	4	(8,9),(28,15),(34,10),(47,18)
342	98	208	1382	5	(9,15),(11,5),(47,6),(153,14),(193,15)
347	99	185	1272	9	(7,14),(71,13),(81,9),(90,7),(92,17),(121,8),(137,8),(142,16),(146,11)
351	100	240	1551	2	(59,13),(213,20)
354	101	239	1549	1	(30,9)
357	102	111	912	4	(4,20),(17,18),(47,13),(94,17)
360	103	51	615	4	(7,11),(14,11),(18,18),(27,11)
361	104	165	1186	10	(0,7),(27,14),(54,14),(56,16),(70,17),(80,17),(102,5),(118,16),(139,16),(156,5)
368	105	168	1208	4	(16,13),(48,11),(135,5),(162,12)
375	106	49	620	6	(4,15),(15,13),(28,19),(34,12),(43,14),(44,13)
380	107	193	1345	6	(7,11),(66,20),(68,7),(114,15),(161,11),(187,14)
384	108	288	1824	6	(20,14),(45,5),(97,12),(118,16),(210,13),(229,5)
388	109	37	573	10	(0,5),(0,18),(4,13),(8,16),(15,18),(17,5),(22,8),(28,9),(31,14),(36,6)
392	110	281	1797	4	(94,18),(152,19),(176,8),(270,11)
399	111	39	594	7	(0,6),(5,10),(6,14),(11,11),(25,13),(26,11),(33,10)
402	112	88	842	0	
407	113	115	982	7	(1,9),(44,6),(58,15),(69,18),(78,9),(79,17),(104,20)
409	114	139	1104	3	(65,20),(112,9),(120,6)
409	115	289	1854	0	
416	116	234	1586	1	(176,20)
422	117	194	1392	7	(35,20),(80,19),(91,19),(110,18),(136,10),(179,15),(182,8)
423	118	67	758	1	(3,14)
428	119	12	488	7	(0,11),(2,13),(7,13),(8,5),(8,19),(11,6),(12,15)
428	120	88	868	1	(18,14)
431	121	72	791	1	(68,18)
438	122	75	813	2	(17,5),(59,19)
442	123	140	1142	10	(3,10),(8,11),(10,19),(14,17),(50,16),(56,7),(103,10),(105,17),(113,12),(135,17)
446	124	223	1561	1	(100,5)
449	125	55	724	6	(0,19),(4,13),(17,6),(25,12),(38,5),(49,16)
451	126	223	1566	8	(30,19),(107,10),(111,5),(139,16),(153,6),(168,7),(203,6),(208,5)
455	127	110	1005	7	(15,18),(16,13),(26,8),(33,7),(39,14),(55,8),(61,9)
455	128	196	1435	8	(41,8),(75,12),(83,10),(104,9),(120,18),(158,18),(170,19),(178,17)
459	129	109	1004	7	(1,8),(2,15),(22,20),(36,19),(43,18),(47,13),(89,8)
464	130	49	709	9	(0,10),(5,5),(9,11),(21,17),(22,18),(33,14),(35,17),(36,17),(44,9)
467	131	179	1362	1	(171,19)
472	132	289	1917	9	(72,19),(112,19),(156,5),(169,20),(180,10),(190,15),(207,8),(220,10),(285,14)
479	133	95	954	5	(24,14),(28,14),(58,6),(61,18),(70,16)
483	134	174	1353	6	(28,9),(42,12),(69,5),(115,8),(156,19),(171,12)
489	135	148	1229	7	(2,13),(5,18),(29,15),(33,14),(64,18),(92,9),(117,18)
496	136	44	716	9	(0,9),(9,14),(19,20),(25,9),(28,14),(31,19),(32,13),(34,19),(38,17)
496	137	136	1176	8	(2,17),(19,13),(32,16),(37,12),(59,14),(73,10),(93,16),(98,18)
500	138	113	1065	10	(18,15),(51,17),(54,6),(55,13),(73,12),(74,10),(75,16),(87,17),(106,18),(108,19)
504	139	117	1089	6	(3,13),(4,20),(57,9),(83,8),(83,5),(103,5)
508	140	262	1818	10	(37,11),(42,9),(47,7),(54,18),(106,6),(143,11),(163,6),(193,12),(214,18),(242,18)
508	141	175	1383	4	(13,10),(14,15),(21,20),(22,11)
513	142	56	793	10	(5,5),(6,10),(8,20),(11,11),(22,9),(25,5),(26,12),(36,11),(40,8),(43,7)
518	143	64	838	1	(61,14)
524	144	231	1679	0	
524	145	208	1564	10	(57,6),(66,15),(89,15),(99,16),(104,20),(106,7),(116,16),(146,9),(172,13),(184,9)
528	146	275	1903	7	(19,17),(54,12),(73,5),(88,10),(208,5),(208,18),(246,14)
532	147	273	1897	9	(0,14),(71,18),(116,17),(121,8),(145,12),(171,12),(199,16),(246,17),(272,16)
532	148	69	877	1	(62,8)
538	149	135	1213	8	(2,16),(3,13),(31,11),(36,17),(71,9),(73,16),(89,12),(126,13)
539	150	217	1624	4	(50,12),(73,20),(116,11),(181,9)
542	151	167	1377	3	(3,19),(69,5),(122,5)
547	152	263	1862	8	(6,13),(94,9),(97,19),(100,13),(141,11),(158,7),(207,15),(220,10)
548	153	239	1743	6	(2,8),(57,20),(81,5),(136,7),(155,10),(166,18)
554	154	88	994	10	(5,19),(6,12),(9,18),(13,14),(20,12),(39,7),(48,5),(50,10),(71,12),(71,15)
558	155	223	1673	10	(23,9),(54,8),(62,14),(75,18),(77,8),(139,8),(153,18),(162,8),(171,13),(211,5)
565	156	283	1980	5	(28,16),(103,11),(103,12),(121,16),(163,12)
567	157	51	822	10	(3,13),(13,5),(20,9),(20,18),(24,17),(27,6),(40,8),(43,11),(46,6),(51,20)
574	158	220	1674	3	(18,11),(24,18),(150,19)
581	159	72	941	8	(14,7),(22,11),(29,9),(35,17),(43,14),(55,12),(62,12),(65,18)
581	160	105	1106	5	(1,11),(14,17),(56,6),(63,16),(81,9)
588	161	137	1273	0	
593	162	288	2033	2	(68,11),(264,16)
595	163	56	875	5	(7,16),(11,7),(25,10),(53,13),(56,20)
601	164	133	1266	7	(5,12),(7,17),(20,13),(78,16),(82,5),(113,16),(122,6)
606	165	60	906	3	(42,5),(45,8),(47,18)
610	166	109	1155	3	(17,10),(97,11),(108,13)
611	167	234	1781	5	(14,8),(74,20),(101,15),(118,18),(141,10)
611	168	121	1216	5	(34,20),(50,11),(58,12),(106,15),(117,8)
618	169	206	1648	10	(6,12),(48,19),(56,16),(72,10),(73,16),(115,12),(128,7),(137,16),(142,8),(190,14)
618	170	197	1603	7	(10,20),(11,11),(29,5),(94,17),(98,15),(140,8),(164,10)
619	171	259	1914	1	(186,19)
625	172	273	1990	8	(39,9),(52,6),(98,15),(106,10),(112,8),(138,13),(144,6),(166,12)
629	173	283	2044	3	(17,19),(140,20),(193,9)
636	174	171	1491	4	(23,12),(61,20),(77,14),(147,12)
642	175	208	1682	5	(17,7),(62,16),(122,11),(141,9),(182,16)
642	176	208	1682	5	(21,15),(53,5),(152,18),(182,7),(201,8)
644	177	271	1999	3	(29,15),(39,10),(101,11)
649	178	121	1254	4	(36,13),(73,9),(88,15),(106,18)
656	179	126	1286	10	(11,14),(29,18),(53,20),(59,7),(79,6),(81,10),(86,10),(100,15),(100,13),(125,14)
657	180	143	1372	9	(13,16),(19,18),(41,18),(70,20),(74,12),(107,18),(121,5),(123,13),(126,19)
659	181	99	1154	7	(18,15),(21,16),(38,8),(47,16),(67,16),(84,7),(92,19)
662	182	137	1347	5	(36,11),(93,15),(97,7),(120,18),(133,17)
665	183	72	1025	9	(12,6),(19,16),(23,10),(33,15),(36,10),(41,18),(54,17),(57,8),(72,15)
671	184	184	1591	3	(3,12),(42,20),(75,15)
674	185	268	2014	5	(25,19),(46,17),(66,18),(137,13),(243,15)
674	186	143	1389	5	(13,8),(44,7),(62,18),(85,5),(129,15)
679	187	85	1104	5	(1,12),(31,7),(35,8),(44,18),(46,9)
685	188	146	1415	5	(25,6),(54,14),(66,5),(83,14),(116,17)
692	189	156	1472	7	(3,15),(38,16),(115,14),(125,10),(137,14),(151,9),(154,8)
695	190	126	1325	9	(17,7),(28,18),(63,20),(64,6),(70,13),(71,15),(77,19),(106,14),(107,7)
701	191	218	1791	4	(1,20),(53,16),(129,20),(192,9)
703	192	188	1643	6	(77,9),(105,10),(143,15),(152,16),(156,11),(157,17)
704	193	234	1874	5	(12,7),(62,7),(78,17),(189,6),(211,20)
709	194	242	1919	3	(24,8),(123,13),(150,9)
710	195	148	1450	1	(82,15)
712	196	72	1072	2	(39,13),(42,8)
713	197	176	1593	6	(6,16),(10,18),(51,11),(84,17),(118,10),(128,7)
716	198	199	1711	5	(17,7),(18,20),(164,7),(170,17),(198,5)
720	199	271	2075	8	(52,12),(81,7),(127,15),(146,14),(165,7),(171,11),(174,7),(207,13)
724	200	277	2109	4	(10,8),(136,7),(212,17),(260,9)
731	201	86	1161	8	(34,7),(36,12),(37,15),(54,7),(55,7),(66,17),(75,11),(78,16)
731	202	151	1486	9	(24,20),(27,11),(30,17),(65,14),(81,7),(96,15),(96,6),(137,17),(150,10)
734	203	87	1169	9	(7,7),(12,19),(36,9),(40,18),(48,8),(53,11),(55,12),(59,12),(70,14)
740	204	284	2160	7	(36,12),(50,10),(61,15),(197,7),(212,19),(228,8),(228,19)
746	205	165	1571	6	(3,5),(77,11),(82,20),(134,16),(157,17),(158,19)
752	206	158	1542	6	(35,16),(100,9),(108,7),(117,19),(146,12),(158,5)
755	207	73	1120	6	(9,17),(13,6),(13,9),(20,5),(22,7),(27,6)
761	208	83	1176	4	(36,16),(37,20),(51,7),(83,6)
765	209	104	1285	1	(5,11)
772	210	239	1967	7	(27,7),(70,12),(92,9),(155,16),(158,20),(163,12),(209,6)
776	211	279	2171	8	(4,15),(6,7),(35,9),(83,20),(84,11),(109,9),(193,14),(194,20)
780	212	161	1585	5	(17,18),(27,17),(61,16),(87,5),(147,14)
780	213	137	1465	10	(11,18),(13,16),(19,8),(51,18),(66,5),(75,6),(78,7),(118,18),(134,15),(137,12)
784	214	192	1744	10	(11,16),(13,14),(16,19),(31,14),(33,6),(49,18),(122,18),(136,10),(191,14),(191,5)
789	215	70	1139	5	(0,16),(9,19),(20,10),(23,20),(67,17)
791	216	80	1191	2	(45,6),(56,9)
793	217	281	2198	4	(129,7),(186,11),(218,17),(234,17)
797	218	278	2187	7	(32,16),(60,8),(104,19),(146,19),(192,7),(214,5),(221,6)
802	219	18	892	7	(2,12),(2,11),(2,17),(2,7),(2,13),(8,6),(9,7)
807	220	196	1787	8	(28,18),(84,5),(92,11),(131,6),(141,5),(190,19),(191,8),(192,10)
809	221	182	1719	8	(23,11),(26,7),(73,15),(97,12),(112,5),(120,9),(128,18),(155,18)
811	222	35	986	2	(13,12),(19,5)
812	223	273	2177	0	
817	224	12	877	3	(0,10),(3,14),(10,7)
817	225	175	1692	4	(56,14),(63,19),(159,19),(166,9)
818	226	70	1168	3	(0,16),(17,10),(36,12)
825	227	196	1805	0	
827	228	229	1972	2	(102,9),(130,5)
831	229	25	956	0	
834	230	72	1194	5	(9,8),(24,13),(41,12),(42,15),(54,17)
838	231	136	1518	7	(23,8),(34,19),(57,9),(60,17),(71,10),(91,8),(115,10)
841	232	53	1106	10	(4,6),(4,10),(15,8),(17,20),(23,13),(25,17),(27,17),(37,18),(44,13),(48,19)
846	233	200	1846	4	(7,14),(41,15),(60,19),(133,6)
851	234	162	1661	3	(20,20),(76,16),(97,15)
854	235	189	1799	4	(0,9),(82,17),(110,6),(178,16)
854	236	170	1704	8	(15,19),(33,5),(36,8),(39,20),(127,6),(137,10),(152,5),(162,15)
857	237	228	1997	2	(26,18),(38,14)
860	238	114	1430	6	(33,7),(50,16),(52,13),(55,16),(84,20),(111,13)
861	239	207	1896	10	(70,16),(82,18),(120,9),(124,20),(135,16),(137,13),(153,9),(197,6),(202,6),(207,8)
866	240	171	1721	5	(12,20),(64,10),(80,15),(152,13),(156,8)
867	241	119	1462	5	(13,17),(29,16),(48,12),(80,15),(96,17)
872	242	292	2332	2	(2,10),(280,18)
878	243	283	2293	4	(21,12),(23,20),(150,13),(155,13)
882	244	299	2377	2	(129,5),(214,10)
886	245	280	2286	0	
889	246	128	1529	9	(24,10),(44,12),(52,7),(55,11),(59,15),(84,8),(85,17),(108,19),(127,13)
889	247	59	1184	7	(0,20),(23,18),(26,7),(27,20),(33,19),(36,10),(55,18)
892	248	225	2017	7	(51,15),(73,20),(138,8),(140,14),(149,7),(169,15),(175,6)
897	249	286	2327	5	(41,16),(65,19),(89,17),(145,19),(269,9)
898	250	260	2198	5	(85,12),(181,6),(189,16),(233,16),(240,19)
899	251	269	2244	9	(14,7),(20,9),(113,19),(139,19),(170,12),(174,8),(194,8),(196,20),(259,13)
902	252	74	1272	0	
909	253	85	1334	3	(8,8),(25,19),(40,13)
915	254	288	2355	10	(4,13),(5,20),(68,16),(76,18),(154,17),(178,16),(200,14),(249,15),(263,12),(271,6)
917	255	150	1667	7	(22,18),(23,13),(28,20),(35,6),(103,15),(109,5),(136,6)
924	256	238	2114	4	(0,20),(125,12),(129,5),(137,20)
930	257	85	1355	1	(85,11)
934	258	180	1834	7	(29,15),(54,16),(71,7),(74,5),(85,9),(92,13),(173,18)
937	259	239	2132	5	(108,20),(122,7),(132,13),(137,11),(177,16)
943	260	80	1343	9	(0,15),(23,7),(23,18),(36,14),(59,19),(59,11),(61,18),(66,14),(70,17)
944	261	214	2014	10	(17,15),(23,20),(66,6),(95,7),(99,19),(118,13),(125,13),(164,6),(166,11),(168,9)
951	262	193	1916	0	
953	263	235	2128	3	(78,20),(87,15),(156,9)
953	264	17	1038	10	(0,10),(2,13),(3,14),(6,17),(11,6),(12,15),(14,8),(15,18),(16,5),(17,16)
958	265	136	1638	0	
963	266	139	1658	10	(19,19),(35,11),(50,18),(62,14),(80,17),(88,18),(90,10),(95,18),(120,11),(131,6)
966	267	258	2256	3	(7,20),(38,9),(187,18)
967	268	86	1397	5	(25,17),(28,7),(36,20),(50,10),(70,20)
967	269	281	2372	2	(102,10),(211,10)
969	270	173	1834	8	(9,19),(35,20),(43,10),(79,16),(93,5),(108,16),(128,14),(162,8)
976	271	170	1826	2	(109,9),(114,12)
977	272	43	1192	0	
983	273	154	1753	1	(90,18)
986	274	222	2096	0	
986	275	256	2266	7	(69,8),(106,9),(117,19),(152,9),(155,20),(187,19),(193,14)
993	276	182	1903	5	(18,13),(28,18),(41,12),(105,12),(131,5)
997	277	33	1162	7	(7,15),(9,6),(12,7),(17,14),(22,18),(22,16),(25,15)
1004	278	113	1569	2	(11,10),(19,17)
1008	279	282	2418	8	(61,19),(76,9),(85,16),(88,18),(103,12),(178,9),(180,11),(191,18)
1014	280	208	2054	4	(24,6),(27,10),(135,15),(198,10)
1021	281	22	1131	10	(1,11),(1,10),(3,10),(3,20),(6,10),(7,10),(9,5),(10,16),(15,20),(22,19)
1028	282	213	2093	2	(76,10),(117,8)
1035	283	244	2255	2	(133,14),(231,10)
1035	284	276	2415	3	(136,6),(179,9),(192,17)
1037	285	283	2452	2	(267,8),(271,15)
1037	286	120	1637	9	(8,18),(14,12),(45,16),(53,8),(72,5),(74,20),(87,6),(89,16),(101,10)
1040	287	296	2520	0	
1045	288	248	2285	9	(5,12),(46,18),(90,19),(135,18),(156,9),(178,7),(198,18),(204,6),(218,11)
1051	289	113	1616	4	(26,16),(53,6),(54,10),(99,15)
1053	290	288	2493	2	(34,16),(232,19)
1056	291	94	1526	6	(1,10),(22,5),(24,13),(31,14),(54,20),(59,10)
1063	292	200	2063	4	(10,11),(51,6),(68,14),(122,10)
1064	293	156	1844	10	(33,11),(34,8),(35,7),(46,19),(62,15),(70,9),(88,7),(126,15),(130,20),(146,14)
1066	294	281	2471	0	
1070	295	283	2485	6	(58,17),(157,5),(188,11),(189,5),(218,19),(271,10)
1076	296	275	2451	7	(5,20),(60,5),(66,12),(148,8),(163,13),(196,9),(261,13)
1079	297	131	1734	6	(8,16),(61,20),(62,16),(79,15),(108,15),(120,15)
1085	298	205	2110	7	(36,16),(48,7),(85,11),(144,12),(153,16),(168,11),(199,10)
1089	299	253	2354	3	(65,19),(143,10),(245,8)
1093	300	289	2538	5	(48,14),(132,15),(144,12),(280,11),(285,6)
1094	301	126	1724	6	(7,7),(28,7),(28,14),(73,12),(79,19),(124,15)
1100	302	87	1535	5	(3,8),(15,11),(66,14),(70,19),(83,8)
1102	303	177	1987	1	(4,5)
1107	304	272	2467	8	(52,10),(54,12),(65,14),(119,12),(151,11),(194,11),(202,5),(241,8)
1113	305	93	1578	5	(1,11),(25,20),(31,17),(44,11),(58,9)
1119	306	111	1674	1	(44,10)
1123	307	271	2478	1	(219,5)
1123	308	35	1298	1	(4,15)
1124	309	44	1344	7	(1,14),(6,6),(14,15),(15,16),(28,17),(42,6),(44,14)
1126	310	119	1721	4	(17,15),(35,20),(67,15),(71,19)
1126	311	139	1821	10	(18,10),(28,13),(62,7),(68,13),(78,13),(84,13),(110,9),(114,16),(117,7),(135,8)
1126	312	206	2156	9	(76,6),(92,6),(118,16),(123,13),(128,14),(129,15),(142,13),(148,10),(181,6)
1126	313	42	1336	9	(1,17),(2,7),(10,6),(26,10),(26,9),(33,8),(36,19),(36,17),(36,10)
1128	314	299	2623	4	(15,6),(49,19),(68,13),(175,10)
1134	315	139	1829	5	(8,5),(12,8),(62,8),(77,8),(100,6)
1138	316	235	2313	9	(0,15),(5,7),(7,6),(144,19),(178,18),(187,8),(204,5),(212,15),(230,20)
1142	317	49	1387	2	(13,16),(41,19)
1145	318	181	2050	3	(35,14),(45,13),(124,18)
1147	319	132	1807	1	(32,17)
1154	320	173	2019	8	(5,15),(21,16),(72,15),(122,8),(137,18),(140,10),(160,20),(170,13)
1157	321	254	2427	2	(35,20),(154,17)
1159	322	24	1279	0	
1164	323	14	1234	6	(1,19),(2,6),(6,5),(6,19),(6,12),(12,12)
1165	324	217	2250	7	(63,12),(67,13),(72,16),(95,5),(128,12),(133,7),(200,11)
1168	325	172	2028	5	(14,19),(30,17),(61,20),(150,20),(151,18)
1171	326	177	2056	7	(16,11),(34,14),(154,7),(159,6),(159,13),(168,13),(171,5)
1176	327	260	2476	8	(30,7),(60,15),(80,6),(91,5),(152,8),(155,17),(158,11),(229,11)
1183	328	22	1293	6	(3,6),(5,16),(8,9),(9,19),(15,20),(21,16)
1189	329	184	2109	3	(22,9),(131,8),(177,16)
1196	330	103	1711	4	(22,19),(26,12),(35,19),(75,20)
1196	331	20	1296	9	(2,11),(4,12),(8,17),(8,17),(11,10),(12,18),(15,6),(17,17),(18,18)
1203	332	22	1313	4	(1,5),(1,16),(5,15),(6,6)
1207	333	252	2467	4	(22,20),(59,10),(130,11),(176,19)
1211	334	142	1921	10	(4,5),(58,17),(70,10),(81,8),(102,20),(105,20),(106,14),(125,11),(135,14),(141,6)
1212	335	175	2087	9	(48,12),(83,15),(87,20),(87,14),(127,18),(131,20),(145,16),(155,6),(174,9)
1218	336	171	2073	0	
1220	337	274	2590	8	(52,7),(120,5),(130,6),(138,8),(143,5),(213,8),(257,5),(266,16)
1223	338	195	2198	7	(10,15),(22,5),(23,10),(94,15),(113,17),(122,8),(132,11)
1230	339	267	2565	9	(4,5),(68,7),(71,9),(170,7),(179,7),(193,6),(203,10),(237,6),(242,20)
1235	340	55	1510	7	(0,17),(17,11),(19,15),(32,11),(34,20),(44,5),(44,11)
1235	341	88	1675	9	(17,8),(36,10),(44,11),(49,19),(56,5),(62,7),(63,15),(67,19),(83,15)
1241	342	144	1961	3	(46,19),(73,9),(96,19)
1241	343	282	2651	10	(19,8),(22,12),(26,12),(79,11),(95,19),(116,6),(140,5),(162,16),(169,10),(181,7)
1247	344	137	1932	8	(24,11),(35,17),(52,11),(66,13),(94,14),(103,18),(104,5),(130,11)
1253	345	90	1703	10	(11,18),(13,15),(30,16),(35,6),(52,7),(72,19),(74,8),(78,10),(81,14),(86,19)
1254	346	113	1819	5	(16,17),(36,11),(55,7),(74,19),(76,5)
1261	347	204	2281	10	(46,10),(64,9),(75,10),(89,9),(95,8),(102,5),(136,20),(170,13),(187,8),(201,11)
1264	348	224	2384	7	(62,8),(97,20),(115,7),(129,10),(189,5),(200,15),(219,19)
1266	349	280	2666	0	
1267	350	261	2572	9	(11,5),(33,10),(44,6),(57,13),(70,18),(74,16),(80,6),(104,14),(207,10)
1274	351	182	2184	0	
1281	352	231	2436	5	(61,16),(107,20),(116,6),(198,13),(224,10)
1285	353	125	1910	7	(3,7),(40,6),(63,10),(66,5),(85,7),(94,11),(120,15)
1292	354	114	1862	7	(1,16),(11,8),(32,7),(45,15),(56,5),(73,5),(82,12)
1294	355	70	1644	9	(1,14),(10,9),(16,12),(28,10),(31,19),(37,12),(45,16),(51,10),(57,15)
1301	356	242	2511	6	(3,9),(40,13),(50,10),(81,5),(171,13),(212,11)
1308	357	13	1373	3	(8,5),(8,19),(13,10)
1315	358	280	2715	10	(8,18),(21,16),(33,14),(67,11),(72,14),(103,9),(159,13),(159,12),(169,14),(232,19)
1317	359	126	1947	3	(31,11),(79,19),(109,20)
1319	360	90	1769	2	(14,16),(42,10)
1323	361	238	2513	1	(97,13)
1330	362	11	1385	7	(1,6),(1,9),(2,12),(3,12),(6,17),(7,7),(10,14)
1335	363	120	1935	10	(13,6),(26,18),(58,7),(65,5),(78,5),(84,9),(95,9),(97,18),(112,16),(118,17)
1338	364	153	2103	2	(82,11),(115,13)
1341	365	42	1551	9	(3,11),(9,13),(13,15),(18,14),(25,5),(32,11),(34,20),(36,5),(41,20)
1341	366	174	2211	4	(5,6),(12,19),(13,15),(131,16)
1346	367	32	1506	7	(7,20),(10,15),(12,12),(12,17),(18,14),(25,16),(30,17)
1353	368	277	2738	4	(61,18),(110,15),(147,18),(236,18)
1357	369	178	2247	6	(3,20),(21,7),(53,5),(73,14),(120,6),(146,15)
1361	370	170	2211	1	(158,18)
1367	371	274	2737	8	(24,10),(52,16),(91,18),(100,7),(202,11),(203,9),(252,11),(262,10)
1370	372	35	1545	1	(4,18)
1372	373	147	2107	7	(16,13),(21,13),(55,8),(66,12),(90,5),(97,5),(98,16)
1374	374	19	1469	10	(1,7),(2,13),(2,13),(2,17),(4,11),(5,15),(6,14),(10,11),(13,20),(18,11)
1376	375	278	2766	0	
1376	376	105	1901	9	(0,10),(3,13),(44,6),(47,19),(56,16),(68,13),(72,6),(82,8),(89,7)
1376	377	28	1516	7	(3,15),(10,7),(12,9),(16,14),(21,20),(26,15),(26,17)
1381	378	132	2041	2	(13,17),(41,8)
1384	379	126	2014	4	(70,17),(97,7),(110,14),(124,20)
1387	380	108	1927	8	(23,7),(51,13),(82,7),(87,19),(87,9),(88,17),(93,13),(95,14)
1388	381	116	1968	8	(5,8),(7,7),(25,16),(36,9),(44,13),(49,19),(67,8),(108,10)
1388	382	288	2828	3	(134,12),(185,20),(226,10)
1390	383	17	1475	10	(0,19),(7,6),(9,18),(9,17),(10,13),(12,14),(13,18),(13,16),(14,7),(15,14)
1396	384	153	2161	7	(15,6),(28,8),(44,19),(106,20),(117,16),(124,9),(126,7)
1399	385	271	2754	8	(8,20),(37,14),(42,19),(69,12),(97,5),(128,15),(128,6),(153,17)
1401	386	57	1686	3	(1,17),(7,11),(36,12)
1402	387	246	2632	3	(15,7),(56,10),(224,7)
1409	388	119	2004	2	(5,6),(81,13)
1412	389	18	1502	3	(0,20),(0,8),(2,7)
1412	390	144	2132	2	(133,17),(139,10)
1419	391	67	1754	3	(45,15),(47,15),(67,11)
1419	392	176	2299	2	(101,18),(144,16)
1421	393	24	1541	9	(0,16),(1,9),(6,20),(11,15),(13,11),(15,7),(20,6),(21,15),(23,18)
1426	394	71	1781	10	(5,15),(7,8),(13,6),(13,19),(16,7),(26,19),(28,9),(43,9),(44,15),(62,18)
1427	395	178	2317	4	(33,11),(77,7),(137,9),(168,20)
1430	396	98	1920	7	(22,18),(67,12),(71,18),(87,18),(92,19),(97,7),(98,20)
1432	397	125	2057	4	(28,5),(60,11),(66,8),(68,18)
1435	398	98	1925	4	(16,13),(20,16),(47,18),(55,11)
1440	399	168	2280	7	(15,7),(28,11),(32,5),(74,5),(157,9),(159,15),(160,5)
1447	400	249	2692	4	(2,15),(22,8),(113,13),(238,19)
1450	401	292	2910	5	(34,15),(156,11),(192,5),(261,9),(264,9)
1452	402	147	2187	9	(0,16),(2,11),(12,18),(28,12),(34,16),(86,8),(92,20),(101,5),(119,9)
1454	403	82	1864	10	(8,7),(16,12),(26,13),(38,19),(44,6),(57,17),(64,12),(64,20),(66,19),(74,16)
1461	404	65	1786	8	(22,11),(26,18),(27,20),(35,5),(37,8),(41,13),(48,12),(56,11)
1465	405	101	1970	2	(42,12),(56,15)
1472	406	45	1697	8	(3,5),(5,8),(6,7),(10,6),(15,11),(22,13),(27,7),(27,6)
1476	407	92	1936	3	(29,6),(57,10),(64,19)
1480	408	157	2265	6	(15,10),(29,19),(51,10),(107,20),(138,7),(138,6)
1486	409	162	2296	3	(21,19),(125,14),(160,13)
1493	410	213	2558	1	(79,16)
1497	411	73	1862	7	(4,9),(11,11),(30,13),(43,16),(51,7),(62,12),(67,9)
1501	412	209	2546	10	(6,9),(14,15),(55,20),(76,12),(116,16),(123,8),(130,17),(177,14),(181,11),(195,16)
1505	413	217	2590	4	(138,5),(157,16),(165,9),(206,16)
1505	414	125	2130	9	(12,8),(24,14),(30,18),(46,11),(56,11),(57,18),(87,7),(89,11),(116,7)
1508	415	252	2768	1	(149,18)
1514	416	100	2014	6	(15,18),(40,6),(73,7),(74,8),(89,9),(95,5)
1518	417	147	2253	8	(3,5),(17,6),(18,6),(36,17),(110,10),(112,19),(134,13),(138,15)
1518	418	289	2963	8	(44,19),(48,14),(72,10),(117,13),(134,12),(148,13),(202,13),(218,11)
1523	419	37	1708	3	(24,5),(29,11),(31,20)
1527	420	40	1727	2	(9,19),(37,20)
1527	421	234	2697	1	(63,15)
1531	422	100	2031	0	
1538	423	55	1813	1	(17,7)
1545	424	94	2015	9	(1,15),(11,13),(11,9),(21,6),(23,13),(36,20),(60,19),(62,8),(80,10)
1548	425	282	2958	2	(17,10),(33,12)
1549	426	145	2274	5	(15,17),(61,17),(67,8),(72,10),(109,7)
1549	427	33	1714	4	(4,18),(15,11),(27,12),(28,7)
1552	428	77	1937	10	(0,6),(2,5),(4,15),(20,7),(24,8),(26,12),(40,11),(53,7),(56,8),(77,16)
1556	429	287	2991	7	(79,15),(102,19),(107,12),(150,18),(177,18),(215,9),(235,19)
1558	430	219	2653	3	(112,16),(128,12),(194,15)
1564	431	284	2984	7	(27,20),(122,15),(134,13),(170,14),(172,9),(186,18),(198,7)
1571	432	121	2176	1	(38,17)
1578	433	282	2988	7	(0,6),(34,10),(127,5),(127,17),(169,18),(249,19),(252,20)
1582	434	44	1802	3	(1,19),(9,6),(29,5)
1589	435	55	1864	3	(0,12),(0,18),(11,20)
1596	436	37	1781	5	(20,14),(22,18),(28,11),(32,10),(37,6)
1596	437	20	1696	2	(6,16),(13,17)
1598	438	258	2888	3	(34,7),(174,20),(221,18)
1603	439	292	3063	2	(115,17),(213,6)
1608	440	48	1848	4	(4,5),(21,7),(32,8),(39,7)
1609	441	299	3104	2	(61,11),(106,15)
1610	442	148	2350	0	
1611	443	70	1961	5	(21,16),(54,18),(63,10),(65,10),(70,17)
1611	444	73	1976	7	(7,16),(9,16),(15,15),(17,15),(66,7),(67,5),(73,15)
1618	445	267	2953	7	(22,16),(27,8),(99,19),(140,13),(187,9),(200,13),(249,14)
1622	446	291	3077	7	(55,11),(67,20),(82,17),(111,10),(118,7),(147,10),(247,14)
1625	447	287	3060	3	(26,13),(41,19),(274,9)
1632	448	234	2802	8	(33,11),(35,13),(61,16),(62,20),(68,7),(139,13),(203,17),(214,5)
1638	449	121	2243	6	(38,10),(46,20),(48,18),(55,9),(76,15),(91,6)
1644	450	32	1804	5	(3,8),(6,5),(14,13),(23,6),(25,10)
1645	451	127	2280	5	(11,20),(14,16),(30,10),(106,17),(125,16)
1647	452	65	1972	3	(16,13),(36,17),(60,17)
1651	453	234	2821	8	(31,18),(43,15),(57,13),(84,19),(125,18),(134,11),(141,19),(193,12)
1658	454	49	1903	4	(2,11),(3,18),(29,15),(47,7)
1660	455	103	2175	9	(14,16),(27,17),(49,11),(53,10),(59,7),(81,9),(85,17),(90,8),(97,11)
1660	456	154	2430	1	(55,11)
1661	457	280	3061	2	(129,11),(208,8)
1667	458	243	2882	8	(24,6),(48,6),(60,12),(158,14),(165,5),(182,8),(190,11),(200,7)
1670	459	292	3130	6	(68,7),(122,9),(124,18),(140,15),(142,8),(284,8)
1676	460	201	2681	5	(25,5),(73,7),(79,16),(94,6),(132,19)
1683	461	238	2873	9	(11,13),(27,20),(71,17),(153,18),(175,17),(189,8),(195,15),(226,16),(234,15)
1683	462	56	1963	10	(0,20),(4,15),(5,13),(6,16),(8,7),(18,11),(22,11),(40,8),(42,8),(51,18)
1690	463	25	1815	10	(1,5),(6,7),(11,19),(13,10),(13,12),(14,9),(15,16),(17,9),(20,16),(20,7)
1697	464	39	1892	6	(1,10),(8,8),(9,19),(13,10),(26,17),(33,14)
1701	465	110	2251	2	(21,10),(96,9)
1707	466	50	1957	5	(5,5),(24,14),(37,16),(48,15),(50,5)
1713	467	136	2393	6	(17,13),(28,13),(75,17),(115,17),(126,7),(133,9)
1720	468	24	1840	3	(4,19),(16,15),(17,18)
1725	469	76	2105	1	(58,13)
1728	470	288	3168	2	(38,19),(147,16)
1730	471	266	3060	3	(32,18),(104,8),(124,19)
1730	472	228	2870	2	(108,7),(184,13)
1734	473	147	2469	5	(3,9),(47,6),(55,16),(82,12),(129,7)
1738	474	27	1873	2	(10,17),(21,7)
1738	475	139	2433	6	(3,9),(93,12),(94,17),(113,16),(125,18),(138,10)
1742	476	190	2692	10	(4,12),(21,14),(37,18),(51,11),(74,5),(82,14),(101,18),(148,12),(164,11),(175,13)
1749	477	285	3174	4	(139,16),(142,18),(173,15),(283,14)
1752	478	121	2357	1	(51,19)
1752	479	294	3222	4	(49,5),(78,14),(81,17),(256,14)
1753	480	91	2208	8	(8,18),(13,20),(34,19),(34,12),(39,6),(40,10),(64,6),(83,10)
1756	481	46	1986	6	(1,6),(21,6),(29,14),(31,19),(32,14),(36,17)
1763	482	54	2033	7	(1,5),(10,7),(13,7),(25,10),(28,15),(33,5),(41,9)
1764	483	180	2664	0	
1771	484	250	3021	10	(5,18),(18,5),(27,15),(29,7),(57,11),(91,5),(106,6),(213,12),(217,18),(218,7)
1778	485	290	3228	8	(22,13),(35,16),(75,7),(83,15),(125,11),(153,11),(196,15),(253,18)
1779	486	264	3099	9	(29,8),(55,8),(76,5),(79,12),(111,15),(122,14),(188,16),(249,8),(262,14)
1785	487	157	2570	9	(0,8),(9,13),(18,19),(27,18),(55,20),(61,8),(86,19),(109,18),(135,5)
1792	488	242	3002	2	(50,16),(125,20)
1793	489	33	1958	8	(7,17),(8,5),(17,12),(21,19),(24,11),(28,18),(29,10),(32,12)
1798	490	70	2148	1	(32,17)
1802	491	131	2457	4	(9,7),(26,13),(51,10),(110,20)
1808	492	91	2263	5	(5,5),(55,13),(60,12),(82,7),(90,19)
1812	493	291	3267	5	(117,10),(120,15),(256,14),(257,13),(268,10)
1814	494	96	2294	9	(13,9),(21,12),(24,10),(30,17),(36,10),(43,16),(53,10),(61,16),(62,7)
1817	495	231	2972	8	(81,20),(100,12),(132,19),(159,11),(168,10),(197,18),(199,13),(220,10)
1817	496	40	2017	9	(5,20),(7,18),(10,13),(11,6),(12,15),(22,13),(26,8),(29,13),(38,10)
1824	497	205	2849	7	(64,10),(90,5),(93,13),(98,17),(141,11),(162,11),(170,20)
1824	498	291	3279	3	(158,20),(193,12),(197,12)
1829	499	136	2509	7	(4,7),(31,7),(32,13),(89,17),(90,14),(120,20),(133,13)
1833	500	125	2458	0	
SigKill Times
83	176
91	490
172	122
174	163
267	491
346	310
391	210
399	43
470	46
497	146
571	167
632	16
728	500
825	184
893	63
903	445
955	40
1020	61
1069	382
1097	280
1126	208
1183	441
1242	288
1332	7
1423	282
1511	242
1539	408
1633	112
1694	407
1794	415
1794	415
1794	415
