5	6	4	3
3
4	20	100	10   22
200
4	1	189	7	(137,6),(203,11),(369,6),(374,17),(502,11),(628,15),(742,5)
10	2	131	10	(14,19),(102,14),(199,20),(310,13),(436,20),(452,12),(464,9),(550,17),(566,15),(675,5)
10	3	204	2	(6,17),(169,9)
14	4	233	3	(230,18),(279,20),(414,20)
17	5	113	8	(63,5),(131,15),(191,12),(282,20),(345,20),(375,12),(445,8),(447,15)
20	6	293	10	(103,12),(146,18),(155,11),(272,17),(547,12),(817,8),(920,17),(937,15),(1164,17),(1277,15)
20	7	106	9	(23,9),(86,14),(170,10),(195,6),(222,10),(266,15),(269,6),(281,13),(300,8)
26	8	172	8	(129,16),(165,15),(333,7),(447,15),(499,20),(664,16),(747,12),(812,7)
31	9	32	2	(29,16),(36,19)
35	10	295	4	(63,15),(108,17),(228,16),(327,11)
37	11	194	0	
41	12	38	9	(25,18),(43,16),(73,16),(78,20),(110,16),(112,14),(147,14),(178,12),(183,14)
44	13	148	2	(49,6),(172,18)
48	14	40	10	(10,20),(41,11),(42,20),(51,6),(61,19),(73,7),(110,17),(139,20),(179,9),(200,17)
54	15	98	6	(6,7),(84,16),(153,13),(216,11),(252,18),(274,8)
59	16	250	2	(52,20),(299,6)
63	17	289	10	(113,18),(245,17),(458,7),(467,17),(687,12),(915,13),(1199,10),(1429,14),(1505,17),(1665,15)
70	18	292	9	(44,11),(318,13),(326,17),(563,9),(581,8),(764,8),(931,6),(1155,14),(1359,5)
73	19	95	0	
78	20	236	5	(9,17),(178,17),(273,11),(462,6),(500,18)
79	21	63	5	(4,11),(23,10),(61,20),(74,19),(123,5)
83	22	202	4	(144,20),(301,10),(400,6),(581,12)
86	23	241	5	(201,17),(399,6),(521,10),(611,7),(617,12)
92	24	140	10	(86,19),(172,13),(300,19),(360,13),(470,14),(554,13),(625,11),(693,5),(813,6),(884,9)
98	25	97	10	(73,12),(155,8),(250,6),(269,7),(326,20),(394,10),(438,7),(466,16),(560,16),(614,13)
105	26	38	3	(23,19),(53,8),(61,7)
112	27	134	3	(45,8),(53,19),(186,5)
119	28	185	2	(67,5),(227,6)
122	29	250	6	(39,20),(105,12),(284,13),(341,16),(551,20),(576,14)
126	30	298	3	(184,14),(321,7),(460,7)
128	31	153	6	(12,13),(32,6),(33,6),(62,12),(124,6),(156,7)
131	32	167	9	(98,17),(238,13),(375,20),(496,12),(632,14),(683,14),(772,20),(916,17),(965,14)
137	33	120	3	(79,8),(99,13),(184,15)
142	34	144	9	(137,20),(158,8),(216,19),(300,17),(407,19),(475,15),(598,16),(728,19),(807,13)
144	35	88	4	(58,17),(70,14),(109,13),(150,6)
147	36	68	10	(41,7),(63,10),(119,5),(126,13),(168,8),(231,15),(249,19),(316,11),(317,16),(318,11)
147	37	99	2	(2,15),(42,13)
148	38	249	9	(41,19),(142,6),(204,10),(261,12),(508,17),(592,14),(838,9),(869,10),(1105,7)
150	39	107	2	(8,17),(107,15)
156	40	197	0	
163	41	64	5	(13,17),(14,20),(77,19),(111,11),(157,11)
164	42	252	3	(119,15),(159,7),(185,17)
165	43	206	10	(111,20),(111,7),(290,19),(313,13),(316,8),(320,8),(385,8),(499,11),(667,8),(802,19)
171	44	211	0	
178	45	75	8	(42,19),(75,8),(85,10),(150,13),(224,15),(264,13),(299,7),(343,18)
181	46	274	1	(167,9)
181	47	204	9	(64,6),(254,15),(257,19),(428,5),(541,18),(669,19),(738,12),(813,8),(1001,9)
185	48	300	4	(219,18),(252,14),(536,13),(697,14)
189	49	23	1	(4,10)
196	50	145	3	(41,20),(62,8),(157,19)
200	51	27	7	(12,19),(37,7),(37,5),(52,12),(73,16),(80,9),(86,12)
206	52	52	1	(39,8)
213	53	247	7	(137,16),(346,5),(358,13),(496,10),(508,10),(734,8),(816,19)
220	54	81	3	(81,10),(156,6),(170,12)
226	55	210	3	(16,5),(22,6),(198,18)
232	56	128	10	(69,9),(180,15),(308,16),(372,18),(431,5),(525,12),(620,17),(644,6),(655,5),(675,13)
237	57	154	9	(39,14),(44,8),(100,15),(229,20),(237,6),(281,15),(410,12),(496,20),(567,15)
244	58	66	0	
249	59	110	2	(85,15),(149,19)
256	60	17	10	(14,19),(17,20),(34,13),(50,18),(60,5),(69,10),(77,12),(80,13),(94,8),(100,16)
258	61	46	5	(26,9),(44,13),(52,18),(54,12),(86,13)
263	62	103	8	(45,20),(147,5),(194,8),(259,5),(300,11),(312,11),(359,18),(367,6)
266	63	281	1	(46,11)
270	64	144	3	(67,6),(159,11),(259,20)
276	65	144	1	(122,10)
279	66	293	4	(241,10),(447,20),(471,7),(635,15)
280	67	243	1	(238,11)
285	68	170	7	(66,8),(130,18),(186,6),(187,14),(287,20),(453,10),(568,5)
285	69	188	7	(104,15),(110,20),(286,6),(461,15),(497,8),(669,11),(749,8)
290	70	108	2	(5,6),(53,15)
292	71	260	10	(78,16),(124,18),(249,10),(292,17),(507,7),(602,19),(716,5),(759,13),(1010,14),(1215,8)
293	72	38	7	(13,10),(44,11),(45,11),(65,20),(71,19),(92,11),(119,16)
300	73	229	7	(191,10),(209,12),(434,20),(499,20),(579,18),(763,5),(766,19)
301	74	16	9	(3,9),(12,5),(27,17),(28,20),(32,20),(37,13),(38,18),(41,16),(48,10)
301	75	44	0	
308	76	172	4	(105,18),(188,11),(217,18),(303,5)
310	77	110	8	(107,13),(123,17),(127,17),(189,17),(229,14),(262,14),(294,15),(362,13)
313	78	58	0	
320	79	189	9	(84,18),(207,12),(269,19),(307,9),(309,15),(460,19),(608,15),(742,18),(757,15)
321	80	69	5	(25,19),(77,12),(145,5),(146,7),(175,7)
323	81	124	0	
325	82	191	0	
328	83	191	2	(12,14),(134,15)
335	84	48	3	(12,19),(53,17),(58,14)
338	85	208	4	(94,11),(143,7),(255,11),(338,17)
345	86	235	8	(94,20),(135,8),(239,11),(341,6),(388,18),(388,20),(583,16),(763,10)
351	87	201	9	(77,20),(214,7),(257,9),(391,18),(477,5),(637,17),(810,12),(903,20),(909,5)
351	88	59	10	(30,15),(32,11),(81,20),(82,11),(127,10),(162,19),(172,10),(193,7),(245,7),(292,8)
355	89	176	7	(155,9),(302,17),(478,11),(605,9),(654,9),(786,13),(951,11)
358	90	175	5	(98,16),(174,15),(327,20),(485,5),(486,12)
361	91	149	6	(56,9),(106,12),(206,14),(345,6),(487,10),(625,9)
365	92	223	8	(143,16),(300,18),(434,17),(573,17),(687,15),(858,6),(935,6),(1015,11)
370	93	179	6	(101,8),(212,13),(270,20),(418,7),(477,12),(556,19)
374	94	132	6	(54,8),(162,20),(183,11),(207,15),(239,13),(281,10)
376	95	260	6	(169,19),(336,5),(393,18),(438,5),(496,19),(506,8)
381	96	54	5	(40,18),(55,20),(55,9),(81,19),(126,14)
384	97	252	4	(215,19),(335,12),(587,10),(689,11)
391	98	95	3	(15,6),(91,20),(140,5)
395	99	267	1	(36,18)
400	100	242	3	(114,11),(345,12),(399,10)
401	101	210	9	(123,20),(312,17),(501,15),(600,11),(660,19),(703,8),(754,11),(895,13),(977,17)
408	102	157	8	(42,15),(79,8),(117,14),(206,17),(256,18),(317,16),(326,8),(383,9)
412	103	216	8	(181,11),(197,5),(268,17),(307,18),(523,12),(722,11),(908,14),(1057,20)
418	104	297	2	(229,16),(489,6)
420	105	133	1	(115,5)
424	106	109	6	(41,17),(87,12),(137,20),(228,14),(289,11),(396,10)
424	107	27	4	(8,19),(26,14),(35,15),(35,7)
428	108	31	7	(7,11),(10,14),(28,17),(30,14),(50,16),(56,11),(84,13)
435	109	70	7	(47,19),(76,13),(98,16),(162,5),(187,9),(257,17),(302,7)
436	110	202	8	(122,14),(258,16),(297,10),(387,7),(471,11),(502,11),(524,7),(564,11)
439	111	220	3	(88,18),(127,13),(148,10)
441	112	93	3	(11,8),(37,16),(102,15)
446	113	205	9	(17,17),(93,5),(171,14),(262,10),(310,17),(316,6),(461,16),(496,18),(510,8)
450	114	11	3	(10,19),(16,16),(22,17)
451	115	150	2	(1,10),(90,9)
457	116	276	8	(26,7),(99,9),(181,13),(453,19),(598,15),(598,18),(599,15),(752,18)
458	117	246	7	(110,12),(311,11),(546,16),(650,16),(711,8),(846,13),(958,14)
461	118	205	5	(151,15),(228,11),(249,18),(293,5),(392,18)
468	119	25	3	(20,10),(24,10),(28,11)
471	120	267	0	
471	121	169	6	(161,17),(221,14),(372,13),(372,16),(477,18),(616,7)
471	122	76	2	(74,12),(75,20)
478	123	280	0	
480	124	214	0	
483	125	234	2	(54,12),(283,14)
485	126	207	6	(17,14),(170,16),(342,10),(502,13),(599,8),(751,9)
487	127	138	1	(122,12)
491	128	297	8	(7,19),(17,17),(77,12),(270,13),(430,7),(620,11),(672,9),(747,15)
494	129	76	9	(28,6),(62,20),(71,19),(72,11),(108,7),(128,9),(155,15),(199,18),(243,16)
501	130	275	4	(204,13),(314,13),(554,8),(565,7)
508	131	84	0	
513	132	20	1	(13,5)
520	133	206	8	(106,5),(250,10),(437,16),(445,12),(549,17),(715,12),(882,11),(1083,17)
522	134	73	9	(8,19),(44,17),(97,11),(135,20),(147,16),(217,5),(249,13),(289,12),(310,16)
526	135	173	0	
527	136	10	8	(5,9),(6,6),(11,14),(13,14),(19,20),(24,7),(30,17),(40,16)
532	137	151	2	(51,10),(119,17)
539	138	54	5	(51,5),(83,14),(94,5),(132,16),(161,12)
541	139	37	8	(11,14),(39,17),(41,16),(77,11),(106,17),(139,13),(161,14),(163,12)
548	140	37	0	
555	141	132	10	(45,9),(77,6),(128,7),(194,14),(319,9),(435,8),(498,7),(556,17),(623,13),(739,7)
557	142	124	0	
563	143	137	6	(95,11),(113,10),(235,5),(263,8),(291,17),(376,5)
570	144	126	4	(71,14),(197,17),(284,11),(328,5)
577	145	246	1	(117,5)
581	146	225	7	(70,5),(225,16),(371,9),(539,10),(694,11),(837,20),(850,5)
587	147	57	10	(37,18),(56,12),(70,13),(91,18),(105,16),(119,11),(134,9),(151,10),(167,7),(198,10)
593	148	77	6	(42,12),(67,16),(116,20),(156,18),(157,8),(199,17)
596	149	41	7	(18,8),(45,9),(63,13),(98,20),(105,7),(127,15),(142,10)
598	150	135	8	(79,7),(161,12),(178,6),(241,7),(289,6),(336,17),(450,5),(558,16)
599	151	277	0	
605	152	29	1	(9,13)
608	153	35	7	(26,20),(36,6),(45,14),(58,6),(67,15),(92,11),(114,17)
608	154	136	0	
610	155	145	5	(98,15),(134,7),(279,11),(343,17),(359,18)
611	156	273	7	(188,12),(435,18),(521,8),(682,17),(736,20),(856,6),(994,11)
614	157	290	3	(174,20),(324,17),(469,15)
617	158	188	8	(27,6),(39,6),(179,6),(287,11),(448,15),(509,8),(537,6),(684,7)
622	159	142	10	(50,10),(154,7),(271,19),(411,10),(541,11),(614,14),(728,8),(789,11),(880,5),(1000,13)
623	160	254	8	(119,8),(316,18),(545,20),(580,14),(688,13),(821,18),(937,13),(1066,18)
625	161	151	3	(96,8),(135,5),(267,13)
630	162	126	8	(91,6),(127,11),(171,17),(206,5),(328,14),(334,20),(337,11),(351,9)
631	163	87	3	(68,20),(94,8),(174,7)
631	164	256	1	(12,14)
633	165	210	1	(87,20)
633	166	287	0	
640	167	205	4	(38,16),(171,20),(304,5),(417,8)
647	168	44	0	
651	169	293	4	(21,8),(106,6),(333,20),(425,6)
652	170	145	1	(108,18)
654	171	214	0	
660	172	80	2	(27,5),(48,8)
660	173	23	5	(9,19),(12,12),(16,12),(26,12),(34,16)
665	174	166	9	(0,15),(34,16),(36,11),(137,20),(249,15),(397,9),(397,8),(482,16),(511,8)
672	175	300	5	(67,16),(294,18),(329,17),(621,13),(907,7)
673	176	193	1	(185,5)
676	177	126	5	(21,11),(82,10),(121,7),(216,11),(285,11)
681	178	228	7	(203,17),(369,17),(375,7),(405,14),(409,10),(587,10),(610,9)
681	179	50	0	
682	180	236	7	(229,5),(378,17),(386,19),(469,17),(664,20),(820,20),(846,9)
688	181	102	2	(57,15),(99,5)
694	182	28	6	(5,13),(7,14),(15,5),(35,13),(60,15),(76,14)
697	183	86	4	(18,7),(76,8),(103,16),(137,13)
701	184	258	0	
708	185	98	8	(91,8),(110,18),(139,15),(140,6),(209,12),(218,20),(253,17),(263,12)
714	186	208	4	(11,12),(38,17),(141,6),(321,15)
714	187	65	8	(57,14),(95,6),(129,16),(138,10),(152,13),(163,14),(173,14),(232,8)
716	188	272	3	(18,18),(200,19),(255,18)
721	189	267	1	(211,20)
724	190	126	2	(29,14),(107,6)
725	191	285	3	(24,6),(133,11),(185,20)
729	192	202	9	(46,5),(189,14),(285,13),(351,19),(477,13),(620,8),(744,11),(898,7),(1097,5)
731	193	169	4	(148,14),(181,13),(230,11),(335,19)
738	194	293	5	(293,16),(572,18),(652,15),(678,6),(798,17)
741	195	57	10	(23,17),(43,12),(46,8),(48,5),(63,19),(120,8),(132,14),(172,12),(208,12),(225,10)
746	196	35	1	(20,17)
749	197	172	3	(67,7),(163,13),(210,7)
749	198	191	10	(124,17),(126,19),(137,9),(236,20),(278,17),(380,7),(442,16),(467,14),(636,10),(714,18)
751	199	222	4	(138,6),(214,10),(298,6),(503,8)
757	200	224	6	(191,19),(246,17),(308,16),(462,5),(606,8),(813,10)
SIGKILL TIMES
44	70
90	195
108	15
181	173
182	200
238	59
301	65
336	20
400	91
419	111
431	60
478	35
533	171
607	100
662	165
711	135
756	139
