10	0	0
3
4	20	100	10
30
8	1	270	3	(135,7),(70,9),(134,9)
8	2	169	1	(129,5)
11	3	110	5	(81,16),(37,7),(48,12),(17,12),(57,19)
12	4	216	4	(35,15),(64,5),(22,19),(185,17)
15	5	278	7	(61,19),(3,12),(65,13),(271,9),(68,6),(132,14),(172,7)
19	6	206	3	(59,12),(9,15),(19,20)
20	7	114	4	(16,7),(59,13),(15,19),(60,18)
20	8	41	6	(20,10),(27,9),(7,8),(11,20),(5,16),(0,7)
24	9	204	1	(23,8)
29	10	273	10	(82,8),(131,19),(151,20),(41,13),(217,10),(136,19),(102,13),(24,10),(153,13),(6,11)
32	11	162	6	(19,20),(145,15),(133,20),(155,18),(161,5),(104,9)
35	12	187	1	(158,12)
35	13	69	3	(42,13),(15,19),(12,15)
40	14	146	2	(4,17),(105,11)
44	15	15	9	(10,6),(5,5),(1,9),(6,5),(5,8),(15,10),(6,12),(8,14),(6,11)
49	16	194	10	(24,7),(114,17),(179,16),(168,8),(18,11),(125,14),(193,12),(41,5),(13,5),(159,17)
54	17	52	10	(28,18),(20,11),(22,8),(4,13),(39,15),(4,19),(10,18),(52,9),(47,5),(39,19)
57	18	196	1	(115,15)
61	19	76	8	(68,16),(16,11),(17,15),(55,5),(62,14),(49,14),(66,6),(7,20)
65	20	87	2	(69,18),(54,19)
32	21	162	6	(19,20),(145,15),(133,20),(155,18),(161,5),(104,9)
35	22	187	1	(158,12)
35	23	69	3	(42,13),(15,19),(12,15)
40	24	146	2	(4,17),(105,11)
44	25	15	9	(10,6),(5,5),(1,9),(6,5),(5,8),(15,10),(6,12),(8,14),(6,11)
49	26	194	10	(24,7),(114,17),(179,16),(168,8),(18,11),(125,14),(193,12),(41,5),(13,5),(159,17)
54	27	52	10	(28,18),(20,11),(22,8),(4,13),(39,15),(4,19),(10,18),(52,9),(47,5),(39,19)
57	28	196	1	(115,15)
61	29	76	8	(68,16),(16,11),(17,15),(55,5),(62,14),(49,14),(66,6),(7,20)
65	30	87	2	(69,18),(54,19)
SIGKILL TIMES
6	6
12	3
14	7
18	11
21	5
24	16
29	13
35	19
40	17
45	2
51	20
56	18
62	9
62	14
