4 3 1 2
10
18 42 83 3 3
291
4 1 223 361 2 (20,26),(41,7)
5 2 215 12 0
5 3 130 222 0
6 4 69 50 0
8 5 178 235 0
17 6 237 187 0
18 7 224 204 0
19 8 199 244 0
19 9 247 348 0
22 10 162 20 0
25 11 40 235 0
26 12 139 167 0
28 13 299 101 0
35 14 284 241 0
45 15 142 83 0
45 16 221 351 1 (11,5)
47 17 162 191 0
49 18 141 220 0
49 19 196 31 1 (4,6)
54 20 245 139 0
56 21 151 53 3 (22,10),(31,24),(45,20)
58 22 93 26 0
62 23 182 356 4 (15,17),(19,14),(40,20),(48,17)
63 24 230 273 0
65 25 40 382 1 (18,19)
68 26 299 219 0
69 27 14 393 0
71 28 196 211 0
71 29 293 149 0
73 30 96 170 0
74 31 220 41 0
76 32 153 124 0
77 33 10 287 0
85 34 62 344 0
85 35 181 19 2 (10,16),(17,11)
87 36 104 329 0
94 37 17 109 0
94 38 246 95 0
97 39 32 374 0
99 40 109 364 0
106 41 221 300 0
111 42 295 171 0
112 43 98 105 0
114 44 1 165 0
114 45 61 108 0
117 46 147 72 0
119 47 137 338 4 (18,21),(27,25),(41,17),(48,9)
120 48 186 313 0
120 49 159 321 0
122 50 35 116 1 (20,27)
129 51 69 72 0
133 52 117 43 0
137 53 283 80 4 (20,25),(31,5),(50,9),(63,27)
142 54 44 97 0
143 55 241 259 1 (17,27)
143 56 286 180 0
144 57 106 231 0
150 58 197 150 0
157 59 50 347 0
160 60 251 318 0
162 61 31 109 0
167 62 298 352 0
168 63 17 205 0
169 64 136 278 0
170 65 204 201 0
176 66 132 244 0
176 67 180 147 2 (13,10),(18,28)
176 68 67 73 0
179 69 104 316 0
185 70 201 360 0
186 71 185 281 0
191 72 103 254 0
202 73 69 49 3 (15,15),(34,11),(41,20)
202 74 254 191 0
204 75 8 28 0
204 76 86 9 3 (8,11),(12,16),(34,16)
204 77 185 274 0
209 78 211 177 0
212 79 9 382 4 (23,28),(38,9),(42,18),(47,10)
218 80 284 136 0
219 81 272 300 0
219 82 114 65 0
219 83 133 399 0
219 84 260 11 2 (12,14),(29,24)
222 85 289 52 0
226 86 180 338 0
226 87 84 354 0
232 88 195 149 0
235 89 125 132 0
237 90 150 64 0
246 91 269 29 0
249 92 41 383 0
252 93 164 44 0
257 94 157 379 0
260 95 117 237 0
260 96 76 141 0
263 97 73 314 0
269 98 49 337 0
270 99 19 20 0 
271 100 234 202 0
278 101 181 215 0
283 102 45 117 0
283 103 52 2 1 (5,23)
284 104 159 46 0
285 105 289 31 0
286 106 65 292 0 
286 107 297 331 1 (5,8)
287 108 114 159 0
288 109 231 13 0
290 110 234 361 0
292 111 46 277 0
292 112 61 332 3 (12,12),(26,12),(36,23)
293 113 218 275 0
294 114 135 231 0
295 115 206 290 3 (21,24),(31,15),(52,13)
305 116 161 36 0
307 117 236 207 0
311 118 109 314 0
313 119 6 210 0
316 120 293 121 0
319 121 283 319 0
321 122 240 194 0
325 123 41 351 0
330 124 223 391 0
331 125 7 71 0
334 126 49 240 0 
336 127 182 162 0
338 128 46 162 0
340 129 28 197 0
340 130 280 66 0
345 131 42 72 3 (15,29),(28,22),(35,14)
347 132 61 123 0
348 133 131 254 0
349 134 29 26 0
355 135 242 214 0
362 136 114 45 0
363 137 288 29 0
366 138 8 105 0
369 139 262 43 0
370 140 45 81 0
371 141 138 286 0
372 142 134 176 0
373 143 69 50 0
373 144 298 188 0
383 145 53 172 2 (6,23),(14,6)
383 146 249 231 2 (12,22),(26,6)
391 147 24 292 0
392 148 208 288 2 (6,28),(16,21)
393 149 18 134 3 (15,9),(25,15),(38,5)
394 150 57 81 0
400 151 120 148 0
407 152 77 67 0
407 153 271 224 0
409 154 226 99 0
410 155 171 377 3 (10,11),(26,17),(40,22)
411 156 159 335 0
411 157 165 133 0
411 158 18 86 0
412 159 148 286 0
412 160 232 133 0
417 161 246 184 0 
422 162 100 260 0
430 163 70 65 0
435 164 206 293 0
438 165 103 371 2 (13,8),(22,8)
439 166 212 184 0
441 167 273 291 0
443 168 137 332 0
444 169 37 307 0
444 170 44 277 0
450 171 88 66 0
458 172 223 59 0
459 173 199 96 4 (16,22),(25,15),(42,21),(61,10)
469 174 226 322 0
470 175 181 319 0
473 176 122 148 0
478 177 48 162 3 (6,21),(22,29),(40,7)
481 178 100 373 3 (16,12),(22,15),(34,20)
481 179 185 269 0
483 180 23 263 0
488 181 100 140 3 (8,8),(25,8),(43,19)
496 182 47 91 2 (10,19),(31,7)
498 183 82 95 0
501 184 58 290 0
502 185 45 360 3 (13,25),(17,29),(33,15)
503 186 190 97 3 (4,14),(21,15),(30,16)
503 187 190 109 0
508 188 33 324 0
508 189 251 208 0
516 190 131 71 3 (8,17),(20,18),(30,26)
518 191 13 209 0 
520 192 218 333 0
520 193 1 115 0
525 194 169 71 0
525 195 7 22 0
525 196 269 69 0
525 197 144 190 0 
525 198 259 60 0
527 199 61 162 0
538 200 38 168 3 (22,29),(34,16),(50,13)
540 201 117 310 0
544 202 181 229 0
551 203 184 84 4 (17,6),(23,7),(45,14),(55,22)
551 204 17 289 0
551 205 89 298 3 (19,9),(29,7),(33,21)
551 206 254 73 0
551 207 220 197 0
551 208 19 108 0
551 209 237 202 0
558 210 6 375 0
567 211 298 308 0
570 212 159 53 0 
570 213 219 267 0
572 214 75 29 0
579 215 213 380 3 (11,21),(30,19),(36,17)
581 216 205 341 0
585 217 157 266 0
585 218 275 250 0
586 219 251 222 0
592 220 44 325 0
595 221 7 122 0
603 222 231 126 3 (11,5),(26,5),(43,28)
605 223 24 149 0
606 224 35 307 0
610 225 56 219 0
617 226 72 209 0
617 227 200 114 0
617 228 88 192 2 (20,17),(23,23)
619 229 162 57 0
621 230 270 302 0
624 231 263 248 0
624 232 268 63 0
626 233 176 54 0
629 234 167 34 0
636 235 155 218 0
639 236 277 87 0
641 237 155 51 0
641 238 159 289 0
643 239 203 346 0
645 240 171 305 1 (13,21)
651 241 71 45 0
654 242 243 85 0
661 243 239 195 1 (17,21)
662 244 227 312 2 (12,27),(19,15)
664 245 174 159 0
664 246 18 222 2 (2,10),(23,9)
664 247 299 253 0
667 248 227 119 0
668 249 111 195 0
668 250 147 28 0
670 251 165 20 0
670 252 75 103 0
673 253 142 101 0
679 254 260 74 0
680 255 29 358 0
682 256 34 107 3 (22,14),(26,27),(31,16)
682 257 113 162 0
692 258 172 111 0
696 259 0 120 0
697 260 267 150 0
700 261 258 245 0
704 262 266 31 0
705 263 293 369 0
709 264 89 377 0
709 265 209 29 0
709 266 256 97 0
713 267 40 234 0
714 268 244 144 0
717 269 136 192 0
723 270 191 163 0
723 271 285 314 0
723 272 279 344 0
730 273 288 323 0
737 274 157 210 0
739 275 260 63 0
745 276 147 21 0
746 277 155 37 0
747 278 149 27 0
752 279 248 120 0
752 280 286 298 1 (3,26)
754 281 46 16 0
756 282 206 102 1 (17,26)
757 283 33 73 4 (17,12),(29,21),(36,24),(41,22)
757 284 174 335 0
767 285 7 45 3 (20,20),(27,9),(36,17)
767 286 12 150 0
767 287 186 383 0
769 288 118 319 0 
769 289 22 34 0
777 290 128 398 0
779 291 181 238 4 (8,24),(25,21),(41,13),(54,25)

SIGKILL Times
18 236
31 125
59 135
97 75
97 92
119 69
159 224
196 220
214 59
251 276
283 175
317 61
327 19
329 81
341 154
385 86
422 210
460 286
483 265
513 22
527 232
547 91
562 168
592 183
634 56
