3 2 4 1
12
22 31 99 8 10
176
3 1 154 10 0
5 2 142 151 0
5 3 125 315 0
11 4 265 297 0
13 5 38 241 0
15 6 70 398 0
18 7 43 185 0 
20 8 41 73 0
23 9 247 287 0
24 10 12 299 3 (4,12),(10,28),(19,17)
29 11 91 299 0
32 12 232 205 0
37 13 130 18 0
44 14 60 396 0
47 15 98 358 0
48 16 99 274 0
53 17 22 36 0
55 18 57 0 4 (18,21),(38,24),(52,24),(70,24)
56 19 279 353 0
57 20 283 223 3 (3,18),(22,10),(32,13)
60 21 213 166 0
60 22 238 363 3 (3,22),(10,5),(13,25)
60 23 13 130 4 (13,23),(21,20),(40,23),(59,22)
70 24 29 11 0
77 25 252 183 0
79 26 289 110 0
79 27 248 387 3 (3,23),(11,27),(26,17)
88 28 162 2 3 (3,16),(10,16),(32,21)
88 29 58 23 0
88 30 132 41 0
88 31 48 186 0
89 32 177 8 0
92 33 115 248 0
93 34 247 333 0
95 35 213 346 3 (13,13),(26,9),(44,21)
99 36 83 285 0
104 37 283 165 0
105 38 137 259 0
105 39 88 205 0 
112 40 299 183 0
112 41 282 372 0
112 42 12 308 0
117 43 274 237 0
119 44 109 117 0
121 45 120 234 0
124 46 239 392 0
124 47 243 29 2 (14,29),(16,26)
125 48 260 95 0
125 49 78 351 0
125 50 77 236 0
131 51 264 168 0
131 52 255 216 0
140 53 177 80 0
141 54 1 318 0
144 55 236 108 0
145 56 185 323 2 (11,24),(19,18)
146 57 123 178 0
152 58 115 271 0
154 59 228 153 0
154 60 147 21 0
158 61 13 54 0
160 62 141 220 0
162 63 267 386 2 (14,24),(35,19)
162 64 73 80 0
162 65 21 196 2 (15,26),(34,22)
163 66 167 4 4 (20,9),(43,26),(48,12),(61,7)
164 67 254 200 0
166 68 281 397 0
168 69 2 247 0 
169 70 121 337 0
177 71 36 133 0
180 72 190 351 0
181 73 18 87 0
189 74 252 253 0
190 75 243 311 0
195 76 284 366 0
195 77 6 4 0
198 78 281 192 0
201 79 49 98 0
206 80 272 193 0
213 81 211 105 0
214 82 84 19 0
218 83 6 97 0
223 84 189 336 0
230 85 224 11 2 (12,28),(30,23)
239 86 121 295 0
243 87 244 351 0
243 88 87 166 0
243 89 49 391 0
245 90 196 203 4 (4,17),(13,9),(26,28),(39,26)
246 91 224 61 0
252 92 285 349 0
258 93 243 57 0
259 94 208 256 1 (6,11)
263 95 299 333 0
267 96 71 287 0
272 97 232 257 0
275 98 150 321 0
276 99 116 373 0
278 100 229 260 3 (9,20),(16,24),(38,8)
283 101 107 190 0
286 102 176 235 0 
296 103 18 172 0
302 104 18 308 0
303 105 0 179 0
303 106 97 134 0
305 107 151 118 0
308 108 90 296 0
308 109 23 343 1 (16,27)
312 110 113 175 0
314 111 241 176 0
318 112 4 171 0
320 113 251 163 0
325 114 243 355 0
335 115 258 70 0
336 116 117 149 0
344 117 117 209 0
346 118 170 114 0
351 119 202 392 0
351 120 123 370 0
351 121 287 17 0
351 122 56 336 0
359 123 241 392 0
364 124 270 86 0
364 125 191 15 0
367 126 52 217 0
368 127 116 162 0
371 128 179 369 0
372 129 30 29 0
377 130 262 17 0
378 131 157 123 0
379 132 277 311 0
380 133 127 204 0
380 134 195 140 0
381 135 220 230 0
388 136 218 266 0
389 137 269 144 0
390 138 59 95 0
391 139 255 143 0
392 140 91 286 2 (20,15),(22,29)
395 141 13 175 0
396 142 242 278 0
398 143 243 241 0
401 144 214 392 4 (9,23),(15,11),(35,18),(49,12)
412 145 161 257 0
415 146 179 290 0
415 147 129 376 1 (18,7)
424 148 100 280 0
426 149 120 117 0
427 150 200 189 0
432 151 14 222 0
434 152 166 267 0
439 153 118 218 0
441 154 279 109 3 (6,12),(23,22),(29,27)
442 155 40 2 0
445 156 79 241 0
449 157 20 288 0
450 158 169 188 3 (7,15),(17,12),(27,25)
450 159 86 227 0
452 160 240 95 0
458 161 17 147 0
458 162 66 38 0
459 163 228 305 0
466 164 172 229 0
468 165 112 40 0
469 166 250 265 0
469 167 285 306 2 (4,21),(18,29)
469 168 13 101 0
469 169 155 0 0
471 170 238 208 0
473 171 141 106 0
475 172 245 112 0
476 173 199 272 0
482 174 284 110 0
489 175 109 305 0
499 176 146 251 0

SIGKILL Times
16 1
33 123
37 142
82 30
108 25
118 82
160 116
172 90
215 64
261 131
276 169
321 82
368 118
392 108
423 91
459 91
471 44
493 79
510 69
517 71
520 97
538 126
578 116
617 104
639 31
662 69
668 100
716 10
